Source 1 X=0.000000
Reflector 1
X   Z   T
0.000000 740.000000 0.437084
20.000000 740.000000 0.437436
40.000000 740.000000 0.437952
80.000000 740.000000 0.440697
1680.000000 0.000000 1.588614
1580.000000 0.000000 1.521603
1520.000000 0.000000 1.478402
1480.000000 0.000000 1.446794
1460.000000 0.000000 1.415933
1420.000000 0.000000 1.386729
1400.000000 0.000000 1.368573
1380.000000 0.000000 1.345314
1340.000000 0.000000 1.317346
1320.000000 0.000000 1.302882
1300.000000 0.000000 1.283243
1280.000000 0.000000 1.268826
1280.000000 0.000000 1.266038
1260.000000 0.000000 1.247980
1260.000000 0.000000 1.246235
1240.000000 0.000000 1.233483
1240.000000 0.000000 1.232375
1260.000000 0.000000 1.240591
1260.000000 0.000000 1.241210
1280.000000 0.000000 1.253241
1300.000000 0.000000 1.264407
1320.000000 0.000000 1.283166
1340.000000 0.000000 1.294813
1400.000000 0.000000 1.330114
1420.000000 0.000000 1.348662
1500.000000 0.000000 1.398892
1580.000000 0.000000 1.455292
Reflector 2
X   Z   T
0.000000 780.000000 0.458689
20.000000 780.000000 0.458577
40.000000 780.000000 0.459594
80.000000 780.000000 0.461530
1960.000000 0.000000 1.775820
1800.000000 0.000000 1.672996
1740.000000 0.000000 1.620893
1660.000000 0.000000 1.566148
1600.000000 0.000000 1.523525
1560.000000 0.000000 1.493708
1520.000000 0.000000 1.458511
1480.000000 0.000000 1.430152
1460.000000 0.000000 1.407972
1420.000000 0.000000 1.381631
1400.000000 0.000000 1.362197
1380.000000 0.000000 1.348507
1360.000000 0.000000 1.330486
1360.000000 0.000000 1.326375
1340.000000 0.000000 1.311594
1340.000000 0.000000 1.309946
1340.000000 0.000000 1.307206
1340.000000 0.000000 1.307250
1360.000000 0.000000 1.317494
1380.000000 0.000000 1.328594
1380.000000 0.000000 1.331386
1420.000000 0.000000 1.354571
1460.000000 0.000000 1.381303
1500.000000 0.000000 1.409407
1540.000000 0.000000 1.438709
1660.000000 0.000000 1.509938
1780.000000 0.000000 1.589015
Source 2 X=40.000000
Reflector 1
X   Z   T
20.000000 740.000000 0.435155
40.000000 740.000000 0.436771
60.000000 740.000000 0.436853
80.000000 740.000000 0.435633
120.000000 740.000000 0.437486
1720.000000 0.000000 1.586185
1620.000000 0.000000 1.521603
1560.000000 0.000000 1.477800
1520.000000 0.000000 1.445692
1500.000000 0.000000 1.416840
1460.000000 0.000000 1.386729
1440.000000 0.000000 1.368573
1420.000000 0.000000 1.345314
1380.000000 0.000000 1.317346
1360.000000 0.000000 1.302882
1340.000000 0.000000 1.283243
1320.000000 0.000000 1.268826
1320.000000 0.000000 1.266038
1300.000000 0.000000 1.247980
1300.000000 0.000000 1.246235
1280.000000 0.000000 1.233483
1280.000000 0.000000 1.232375
1300.000000 0.000000 1.240709
1300.000000 0.000000 1.246146
1320.000000 0.000000 1.253143
1340.000000 0.000000 1.264407
1360.000000 0.000000 1.283166
1380.000000 0.000000 1.300627
1440.000000 0.000000 1.330102
1460.000000 0.000000 1.348662
1540.000000 0.000000 1.398892
1620.000000 0.000000 1.455919
Reflector 2
X   Z   T
20.000000 780.000000 0.458601
40.000000 780.000000 0.458284
60.000000 780.000000 0.458577
80.000000 780.000000 0.459594
120.000000 780.000000 0.461530
2000.000000 0.000000 1.775820
1840.000000 0.000000 1.672996
1780.000000 0.000000 1.620600
1700.000000 0.000000 1.565628
1640.000000 0.000000 1.524317
1600.000000 0.000000 1.493708
1560.000000 0.000000 1.458511
1520.000000 0.000000 1.430152
1500.000000 0.000000 1.407972
1460.000000 0.000000 1.381631
1440.000000 0.000000 1.362198
1420.000000 0.000000 1.348507
1400.000000 0.000000 1.330486
1400.000000 0.000000 1.326375
1380.000000 0.000000 1.311594
1380.000000 0.000000 1.309946
1380.000000 0.000000 1.307514
1380.000000 0.000000 1.307250
1400.000000 0.000000 1.317850
1420.000000 0.000000 1.328762
1420.000000 0.000000 1.331386
1460.000000 0.000000 1.354571
1500.000000 0.000000 1.381303
1540.000000 0.000000 1.409327
1580.000000 0.000000 1.438730
1700.000000 0.000000 1.510185
1820.000000 0.000000 1.589018
Source 3 X=80.000000
Reflector 1
X   Z   T
0.000000 740.000000 0.440391
40.000000 740.000000 0.438492
60.000000 740.000000 0.434856
80.000000 740.000000 0.434251
100.000000 740.000000 0.434592
120.000000 740.000000 0.435634
160.000000 740.000000 0.440697
1760.000000 0.000000 1.588614
1660.000000 0.000000 1.521603
1600.000000 0.000000 1.477800
1560.000000 0.000000 1.445692
1540.000000 0.000000 1.416840
1500.000000 0.000000 1.386729
1480.000000 0.000000 1.368574
1460.000000 0.000000 1.345314
1420.000000 0.000000 1.317346
1400.000000 0.000000 1.303324
1380.000000 0.000000 1.282760
1360.000000 0.000000 1.268826
1360.000000 0.000000 1.266038
1340.000000 0.000000 1.247980
1340.000000 0.000000 1.246235
1320.000000 0.000000 1.233483
1320.000000 0.000000 1.232375
1340.000000 0.000000 1.240709
1340.000000 0.000000 1.246146
1360.000000 0.000000 1.253143
1380.000000 0.000000 1.264407
1400.000000 0.000000 1.283166
1420.000000 0.000000 1.300627
1480.000000 0.000000 1.330102
1500.000000 0.000000 1.348662
1580.000000 0.000000 1.398892
1660.000000 0.000000 1.455351
Reflector 2
X   Z   T
0.000000 780.000000 0.461227
40.000000 780.000000 0.459594
60.000000 780.000000 0.458870
80.000000 780.000000 0.458250
100.000000 780.000000 0.458088
120.000000 780.000000 0.459594
160.000000 780.000000 0.461530
2040.000000 0.000000 1.775820
1880.000000 0.000000 1.672997
1820.000000 0.000000 1.620600
1740.000000 0.000000 1.565628
1680.000000 0.000000 1.524317
1640.000000 0.000000 1.493708
1600.000000 0.000000 1.458511
1560.000000 0.000000 1.430152
1540.000000 0.000000 1.408054
1500.000000 0.000000 1.381368
1480.000000 0.000000 1.362198
1460.000000 0.000000 1.348507
1440.000000 0.000000 1.330486
1440.000000 0.000000 1.326375
1420.000000 0.000000 1.311594
1420.000000 0.000000 1.309946
1420.000000 0.000000 1.307514
1420.000000 0.000000 1.307250
1440.000000 0.000000 1.317850
1460.000000 0.000000 1.328762
1460.000000 0.000000 1.331386
1500.000000 0.000000 1.354572
1540.000000 0.000000 1.381302
1580.000000 0.000000 1.409327
1620.000000 0.000000 1.438730
1740.000000 0.000000 1.509938
1860.000000 0.000000 1.589018
Source 4 X=120.000000
Reflector 1
X   Z   T
0.000000 740.000000 0.444836
20.000000 740.000000 0.442847
40.000000 740.000000 0.440697
80.000000 740.000000 0.438193
100.000000 740.000000 0.434856
120.000000 740.000000 0.434251
140.000000 740.000000 0.434592
160.000000 740.000000 0.435634
200.000000 740.000000 0.440697
1800.000000 0.000000 1.588614
1700.000000 0.000000 1.521603
1640.000000 0.000000 1.477800
1600.000000 0.000000 1.445693
1580.000000 0.000000 1.416840
1540.000000 0.000000 1.386729
1520.000000 0.000000 1.368574
1500.000000 0.000000 1.345312
1460.000000 0.000000 1.317346
1440.000000 0.000000 1.302699
1420.000000 0.000000 1.282760
1400.000000 0.000000 1.268826
1400.000000 0.000000 1.266038
1380.000000 0.000000 1.247943
1380.000000 0.000000 1.246078
1360.000000 0.000000 1.233605
1360.000000 0.000000 1.232375
1380.000000 0.000000 1.240709
1380.000000 0.000000 1.246147
1400.000000 0.000000 1.253143
1420.000000 0.000000 1.264407
1440.000000 0.000000 1.283167
1460.000000 0.000000 1.300627
1520.000000 0.000000 1.330102
1540.000000 0.000000 1.348662
1620.000000 0.000000 1.398892
1700.000000 0.000000 1.455351
Reflector 2
X   Z   T
20.000000 780.000000 0.463065
40.000000 780.000000 0.461386
80.000000 780.000000 0.459594
100.000000 780.000000 0.458870
120.000000 780.000000 0.458250
140.000000 780.000000 0.458088
160.000000 780.000000 0.459594
200.000000 780.000000 0.461530
2080.000000 0.000000 1.775820
1920.000000 0.000000 1.672997
1860.000000 0.000000 1.620600
1780.000000 0.000000 1.565628
1720.000000 0.000000 1.524317
1680.000000 0.000000 1.493708
1640.000000 0.000000 1.458511
1600.000000 0.000000 1.430152
1580.000000 0.000000 1.408054
1540.000000 0.000000 1.381368
1520.000000 0.000000 1.362198
1500.000000 0.000000 1.348507
1480.000000 0.000000 1.330486
1480.000000 0.000000 1.326899
1460.000000 0.000000 1.312735
1460.000000 0.000000 1.309946
1460.000000 0.000000 1.307514
1460.000000 0.000000 1.307250
1480.000000 0.000000 1.317851
1500.000000 0.000000 1.328762
1500.000000 0.000000 1.331386
1540.000000 0.000000 1.354571
1580.000000 0.000000 1.381302
1620.000000 0.000000 1.409327
1660.000000 0.000000 1.438730
1780.000000 0.000000 1.509938
1900.000000 0.000000 1.589018
Source 5 X=160.000000
Reflector 1
X   Z   T
20.000000 740.000000 0.447500
40.000000 740.000000 0.445276
60.000000 740.000000 0.443132
80.000000 740.000000 0.440697
120.000000 740.000000 0.438193
140.000000 740.000000 0.434856
160.000000 740.000000 0.434251
180.000000 740.000000 0.434592
200.000000 740.000000 0.435633
240.000000 740.000000 0.440697
1840.000000 0.000000 1.588614
1740.000000 0.000000 1.521603
1680.000000 0.000000 1.477800
1640.000000 0.000000 1.445693
1620.000000 0.000000 1.416840
1580.000000 0.000000 1.386729
1560.000000 0.000000 1.368574
1540.000000 0.000000 1.345312
1500.000000 0.000000 1.317346
1480.000000 0.000000 1.302699
1460.000000 0.000000 1.282760
1440.000000 0.000000 1.268826
1440.000000 0.000000 1.266038
1420.000000 0.000000 1.247943
1420.000000 0.000000 1.246078
1400.000000 0.000000 1.233483
1400.000000 0.000000 1.232375
1420.000000 0.000000 1.240709
1420.000000 0.000000 1.246147
1440.000000 0.000000 1.253143
1460.000000 0.000000 1.264407
1480.000000 0.000000 1.283167
1500.000000 0.000000 1.300627
1560.000000 0.000000 1.330102
1580.000000 0.000000 1.348662
1660.000000 0.000000 1.398922
1740.000000 0.000000 1.455776
Reflector 2
X   Z   T
0.000000 780.000000 0.470106
40.000000 780.000000 0.464928
60.000000 780.000000 0.463065
80.000000 780.000000 0.461386
120.000000 780.000000 0.459594
140.000000 780.000000 0.458870
160.000000 780.000000 0.458250
180.000000 780.000000 0.458088
200.000000 780.000000 0.459594
240.000000 780.000000 0.461530
2120.000000 0.000000 1.775820
1960.000000 0.000000 1.672953
1900.000000 0.000000 1.620600
1820.000000 0.000000 1.565628
1760.000000 0.000000 1.524317
1720.000000 0.000000 1.493708
1680.000000 0.000000 1.458511
1640.000000 0.000000 1.430152
1620.000000 0.000000 1.408054
1580.000000 0.000000 1.381368
1560.000000 0.000000 1.362198
1540.000000 0.000000 1.348507
1520.000000 0.000000 1.330486
1520.000000 0.000000 1.326899
1500.000000 0.000000 1.311594
1500.000000 0.000000 1.309946
1500.000000 0.000000 1.307514
1500.000000 0.000000 1.307250
1520.000000 0.000000 1.317851
1540.000000 0.000000 1.328762
1540.000000 0.000000 1.331386
1580.000000 0.000000 1.354571
1620.000000 0.000000 1.381302
1660.000000 0.000000 1.409327
1700.000000 0.000000 1.438731
1820.000000 0.000000 1.510185
1940.000000 0.000000 1.589018
Source 6 X=200.000000
Reflector 1
X   Z   T
0.000000 740.000000 0.456900
40.000000 740.000000 0.450728
60.000000 740.000000 0.447500
80.000000 740.000000 0.445276
100.000000 740.000000 0.443132
120.000000 740.000000 0.440697
160.000000 740.000000 0.438193
180.000000 740.000000 0.434856
200.000000 740.000000 0.434251
220.000000 740.000000 0.434592
240.000000 740.000000 0.435633
280.000000 740.000000 0.440697
1880.000000 0.000000 1.588614
1780.000000 0.000000 1.521603
1720.000000 0.000000 1.477800
1680.000000 0.000000 1.445693
1660.000000 0.000000 1.416840
1620.000000 0.000000 1.386729
1600.000000 0.000000 1.368574
1580.000000 0.000000 1.345311
1540.000000 0.000000 1.317346
1520.000000 0.000000 1.302700
1500.000000 0.000000 1.287019
1480.000000 0.000000 1.268826
1480.000000 0.000000 1.266037
1460.000000 0.000000 1.247943
1460.000000 0.000000 1.248762
1440.000000 0.000000 1.233812
1440.000000 0.000000 1.232374
1460.000000 0.000000 1.240709
1460.000000 0.000000 1.246147
1480.000000 0.000000 1.253143
1500.000000 0.000000 1.264407
1520.000000 0.000000 1.283167
1540.000000 0.000000 1.300627
1600.000000 0.000000 1.330102
1620.000000 0.000000 1.348662
1700.000000 0.000000 1.398922
1780.000000 0.000000 1.455776
Reflector 2
X   Z   T
20.000000 780.000000 0.473169
40.000000 780.000000 0.470107
80.000000 780.000000 0.464931
100.000000 780.000000 0.463065
120.000000 780.000000 0.461386
160.000000 780.000000 0.459594
180.000000 780.000000 0.458870
200.000000 780.000000 0.458250
220.000000 780.000000 0.458088
240.000000 780.000000 0.459594
280.000000 780.000000 0.461530
2160.000000 0.000000 1.775820
2000.000000 0.000000 1.672953
1940.000000 0.000000 1.620600
1860.000000 0.000000 1.565642
1800.000000 0.000000 1.524317
1760.000000 0.000000 1.493708
1720.000000 0.000000 1.458511
1680.000000 0.000000 1.430152
1660.000000 0.000000 1.408054
1620.000000 0.000000 1.381368
1600.000000 0.000000 1.362198
1580.000000 0.000000 1.348507
1560.000000 0.000000 1.330486
1560.000000 0.000000 1.326899
1540.000000 0.000000 1.312265
1540.000000 0.000000 1.309946
1540.000000 0.000000 1.307514
1540.000000 0.000000 1.307250
1560.000000 0.000000 1.317851
1580.000000 0.000000 1.328762
1580.000000 0.000000 1.331386
1620.000000 0.000000 1.354571
1660.000000 0.000000 1.381302
1700.000000 0.000000 1.409327
1740.000000 0.000000 1.438731
1860.000000 0.000000 1.510185
1980.000000 0.000000 1.589018
Source 7 X=240.000000
Reflector 1
X   Z   T
20.000000 740.000000 0.458243
40.000000 740.000000 0.454242
80.000000 740.000000 0.450728
100.000000 740.000000 0.447500
120.000000 740.000000 0.445276
140.000000 740.000000 0.443132
160.000000 740.000000 0.440697
200.000000 740.000000 0.438193
220.000000 740.000000 0.434856
240.000000 740.000000 0.434251
260.000000 740.000000 0.434592
280.000000 740.000000 0.435633
320.000000 740.000000 0.440697
1920.000000 0.000000 1.588614
1820.000000 0.000000 1.521603
1760.000000 0.000000 1.477801
1720.000000 0.000000 1.445693
1700.000000 0.000000 1.416840
1660.000000 0.000000 1.386729
1640.000000 0.000000 1.371669
1620.000000 0.000000 1.345844
1580.000000 0.000000 1.318026
1560.000000 0.000000 1.302882
1540.000000 0.000000 1.287019
1520.000000 0.000000 1.268826
1520.000000 0.000000 1.266037
1500.000000 0.000000 1.247942
1500.000000 0.000000 1.248762
1480.000000 0.000000 1.233812
1480.000000 0.000000 1.232374
1500.000000 0.000000 1.240709
1500.000000 0.000000 1.246147
1520.000000 0.000000 1.253143
1540.000000 0.000000 1.264407
1560.000000 0.000000 1.278688
1580.000000 0.000000 1.300627
1640.000000 0.000000 1.330102
1660.000000 0.000000 1.348662
1740.000000 0.000000 1.398922
1820.000000 0.000000 1.455776
Reflector 2
X   Z   T
20.000000 780.000000 0.479683
40.000000 780.000000 0.475902
60.000000 780.000000 0.472265
80.000000 780.000000 0.470107
120.000000 780.000000 0.464931
140.000000 780.000000 0.463065
160.000000 780.000000 0.461385
200.000000 780.000000 0.459594
220.000000 780.000000 0.458870
240.000000 780.000000 0.458250
260.000000 780.000000 0.458088
280.000000 780.000000 0.459594
320.000000 780.000000 0.461530
2200.000000 0.000000 1.775820
2040.000000 0.000000 1.672953
1980.000000 0.000000 1.620601
1900.000000 0.000000 1.565642
1840.000000 0.000000 1.524317
1800.000000 0.000000 1.493708
1760.000000 0.000000 1.458341
1720.000000 0.000000 1.430331
1700.000000 0.000000 1.407709
1660.000000 0.000000 1.381632
1640.000000 0.000000 1.362198
1620.000000 0.000000 1.348507
1600.000000 0.000000 1.330486
1600.000000 0.000000 1.326899
1580.000000 0.000000 1.312265
1580.000000 0.000000 1.309946
1580.000000 0.000000 1.307513
1580.000000 0.000000 1.307250
1600.000000 0.000000 1.317851
1620.000000 0.000000 1.328762
1620.000000 0.000000 1.332201
1660.000000 0.000000 1.354562
1700.000000 0.000000 1.381206
1740.000000 0.000000 1.409327
1780.000000 0.000000 1.438730
1900.000000 0.000000 1.510185
2020.000000 0.000000 1.589018
Source 8 X=280.000000
Reflector 1
X   Z   T
0.000000 740.000000 0.474623
40.000000 740.000000 0.466108
60.000000 740.000000 0.461573
80.000000 740.000000 0.454242
120.000000 740.000000 0.450728
140.000000 740.000000 0.447500
160.000000 740.000000 0.445276
180.000000 740.000000 0.443132
200.000000 740.000000 0.440697
240.000000 740.000000 0.438193
260.000000 740.000000 0.434856
280.000000 740.000000 0.434251
300.000000 740.000000 0.434592
320.000000 740.000000 0.435634
360.000000 740.000000 0.440697
1960.000000 0.000000 1.588614
1860.000000 0.000000 1.521603
1800.000000 0.000000 1.477801
1760.000000 0.000000 1.445693
1740.000000 0.000000 1.416840
1700.000000 0.000000 1.386729
1680.000000 0.000000 1.371669
1660.000000 0.000000 1.345844
1620.000000 0.000000 1.318026
1600.000000 0.000000 1.302883
1580.000000 0.000000 1.287019
1560.000000 0.000000 1.268826
1560.000000 0.000000 1.266037
1540.000000 0.000000 1.247942
1540.000000 0.000000 1.248762
1520.000000 0.000000 1.233812
1520.000000 0.000000 1.232374
1540.000000 0.000000 1.240709
1540.000000 0.000000 1.246147
1560.000000 0.000000 1.253143
1580.000000 0.000000 1.264407
1600.000000 0.000000 1.278688
1620.000000 0.000000 1.300627
1680.000000 0.000000 1.330102
1700.000000 0.000000 1.348662
1780.000000 0.000000 1.398922
1860.000000 0.000000 1.455776
Reflector 2
X   Z   T
20.000000 780.000000 0.489052
60.000000 780.000000 0.479683
80.000000 780.000000 0.475902
100.000000 780.000000 0.472265
120.000000 780.000000 0.470107
160.000000 780.000000 0.464931
180.000000 780.000000 0.463065
200.000000 780.000000 0.461385
240.000000 780.000000 0.459594
260.000000 780.000000 0.458870
280.000000 780.000000 0.458250
300.000000 780.000000 0.458088
320.000000 780.000000 0.459594
360.000000 780.000000 0.461530
2240.000000 0.000000 1.775820
2080.000000 0.000000 1.672997
2020.000000 0.000000 1.620601
1940.000000 0.000000 1.565642
1880.000000 0.000000 1.524317
1840.000000 0.000000 1.493708
1800.000000 0.000000 1.458341
1760.000000 0.000000 1.430331
1740.000000 0.000000 1.407709
1700.000000 0.000000 1.381632
1680.000000 0.000000 1.362198
1660.000000 0.000000 1.348507
1640.000000 0.000000 1.330485
1640.000000 0.000000 1.326899
1620.000000 0.000000 1.312265
1620.000000 0.000000 1.309945
1620.000000 0.000000 1.307513
1620.000000 0.000000 1.306810
1640.000000 0.000000 1.317851
1660.000000 0.000000 1.328762
1660.000000 0.000000 1.332201
1700.000000 0.000000 1.354562
1740.000000 0.000000 1.381206
1780.000000 0.000000 1.409327
1820.000000 0.000000 1.438730
1940.000000 0.000000 1.510185
2060.000000 0.000000 1.589018
Source 9 X=320.000000
Reflector 1
X   Z   T
20.000000 740.000000 0.480060
40.000000 740.000000 0.471183
80.000000 740.000000 0.465514
100.000000 740.000000 0.461255
120.000000 740.000000 0.457140
160.000000 740.000000 0.450728
180.000000 740.000000 0.447500
200.000000 740.000000 0.445276
220.000000 740.000000 0.443132
240.000000 740.000000 0.440697
280.000000 740.000000 0.438193
300.000000 740.000000 0.434856
320.000000 740.000000 0.434251
340.000000 740.000000 0.434592
360.000000 740.000000 0.435634
400.000000 740.000000 0.440697
2000.000000 0.000000 1.588614
1900.000000 0.000000 1.521603
1840.000000 0.000000 1.477801
1800.000000 0.000000 1.445693
1780.000000 0.000000 1.416840
1740.000000 0.000000 1.386729
1720.000000 0.000000 1.371669
1700.000000 0.000000 1.345844
1660.000000 0.000000 1.318026
1640.000000 0.000000 1.302883
1620.000000 0.000000 1.287020
1600.000000 0.000000 1.268826
1600.000000 0.000000 1.266037
1580.000000 0.000000 1.247942
1580.000000 0.000000 1.248762
1560.000000 0.000000 1.233812
1560.000000 0.000000 1.232374
1580.000000 0.000000 1.240709
1580.000000 0.000000 1.246147
1600.000000 0.000000 1.253143
1620.000000 0.000000 1.264407
1640.000000 0.000000 1.278688
1660.000000 0.000000 1.300627
1720.000000 0.000000 1.330102
1740.000000 0.000000 1.349286
1820.000000 0.000000 1.398720
1900.000000 0.000000 1.455919
Reflector 2
X   Z   T
0.000000 780.000000 0.503227
40.000000 780.000000 0.492151
60.000000 780.000000 0.488892
100.000000 780.000000 0.479683
120.000000 780.000000 0.475902
140.000000 780.000000 0.472265
160.000000 780.000000 0.470107
200.000000 780.000000 0.464931
220.000000 780.000000 0.463065
240.000000 780.000000 0.461385
280.000000 780.000000 0.459594
300.000000 780.000000 0.458870
320.000000 780.000000 0.458250
340.000000 780.000000 0.458088
360.000000 780.000000 0.459594
400.000000 780.000000 0.461530
2280.000000 0.000000 1.775820
2120.000000 0.000000 1.672997
2060.000000 0.000000 1.620601
1980.000000 0.000000 1.565642
1920.000000 0.000000 1.524317
1880.000000 0.000000 1.493708
1840.000000 0.000000 1.458341
1800.000000 0.000000 1.430331
1780.000000 0.000000 1.407708
1740.000000 0.000000 1.381632
1720.000000 0.000000 1.362198
1700.000000 0.000000 1.348507
1680.000000 0.000000 1.330485
1680.000000 0.000000 1.326898
1660.000000 0.000000 1.312265
1660.000000 0.000000 1.309945
1660.000000 0.000000 1.307513
1660.000000 0.000000 1.306810
1680.000000 0.000000 1.317851
1700.000000 0.000000 1.328762
1700.000000 0.000000 1.332201
1740.000000 0.000000 1.354562
1780.000000 0.000000 1.381205
1820.000000 0.000000 1.409327
1860.000000 0.000000 1.438677
1980.000000 0.000000 1.510185
2100.000000 0.000000 1.589018
Source 10 X=360.000000
Reflector 1
X   Z   T
0.000000 740.000000 0.498896
40.000000 740.000000 0.486893
60.000000 740.000000 0.481044
80.000000 740.000000 0.471183
120.000000 740.000000 0.465514
140.000000 740.000000 0.461255
160.000000 740.000000 0.457140
200.000000 740.000000 0.450728
220.000000 740.000000 0.447500
240.000000 740.000000 0.445276
260.000000 740.000000 0.443132
280.000000 740.000000 0.440697
320.000000 740.000000 0.438193
340.000000 740.000000 0.434856
360.000000 740.000000 0.434251
380.000000 740.000000 0.434592
400.000000 740.000000 0.435634
440.000000 740.000000 0.440697
2040.000000 0.000000 1.588613
1940.000000 0.000000 1.521603
1880.000000 0.000000 1.477801
1840.000000 0.000000 1.445693
1820.000000 0.000000 1.416840
1780.000000 0.000000 1.386729
1760.000000 0.000000 1.371669
1740.000000 0.000000 1.345844
1700.000000 0.000000 1.318026
1680.000000 0.000000 1.302883
1660.000000 0.000000 1.287020
1640.000000 0.000000 1.268826
1640.000000 0.000000 1.266037
1620.000000 0.000000 1.247942
1620.000000 0.000000 1.248762
1600.000000 0.000000 1.233811
1600.000000 0.000000 1.232374
1620.000000 0.000000 1.240709
1620.000000 0.000000 1.246147
1640.000000 0.000000 1.253143
1660.000000 0.000000 1.264407
1680.000000 0.000000 1.278689
1700.000000 0.000000 1.300627
1760.000000 0.000000 1.330102
1780.000000 0.000000 1.349286
1860.000000 0.000000 1.398720
1940.000000 0.000000 1.455919
Reflector 2
X   Z   T
20.000000 780.000000 0.509466
40.000000 780.000000 0.503856
80.000000 780.000000 0.493672
100.000000 780.000000 0.488892
140.000000 780.000000 0.479683
160.000000 780.000000 0.475902
180.000000 780.000000 0.472265
200.000000 780.000000 0.470107
240.000000 780.000000 0.464931
260.000000 780.000000 0.463065
280.000000 780.000000 0.461385
320.000000 780.000000 0.459594
340.000000 780.000000 0.458870
360.000000 780.000000 0.458250
380.000000 780.000000 0.458088
400.000000 780.000000 0.459594
440.000000 780.000000 0.461530
2320.000000 0.000000 1.775820
2160.000000 0.000000 1.672997
2100.000000 0.000000 1.620601
2020.000000 0.000000 1.565642
1960.000000 0.000000 1.524317
1920.000000 0.000000 1.493708
1880.000000 0.000000 1.458341
1840.000000 0.000000 1.430331
1820.000000 0.000000 1.407708
1780.000000 0.000000 1.381632
1760.000000 0.000000 1.362199
1740.000000 0.000000 1.348507
1720.000000 0.000000 1.330485
1720.000000 0.000000 1.326898
1700.000000 0.000000 1.312265
1700.000000 0.000000 1.309945
1700.000000 0.000000 1.307513
1700.000000 0.000000 1.306810
1720.000000 0.000000 1.317851
1740.000000 0.000000 1.328762
1740.000000 0.000000 1.332201
1780.000000 0.000000 1.354562
1820.000000 0.000000 1.381206
1860.000000 0.000000 1.409327
1900.000000 0.000000 1.438677
2020.000000 0.000000 1.510185
2140.000000 0.000000 1.589019
